0.00000,0.00000,45.00000,0.00000,30.00000,22.20000
0.45149,0.00110,45.29700,0.21978,29.40000,21.75600
0.90592,0.00438,45.58800,0.43512,28.80000,21.31200
1.36323,0.00979,45.87300,0.64602,28.20000,20.86800
1.82336,0.01729,46.15200,0.85248,27.60000,20.42400
2.28625,0.02683,46.42500,1.05450,27.00000,19.98000
2.75184,0.03836,46.69200,1.25208,26.40000,19.53600
3.22007,0.05185,46.95300,1.44522,25.80000,19.09200
3.69088,0.06725,47.20800,1.63392,25.20000,18.64800
4.16421,0.08452,47.45700,1.81818,24.60000,18.20400
4.64000,0.10360,47.70000,1.99800,24.00000,17.76000
5.11819,0.12446,47.93700,2.17338,23.40000,17.31600
5.59872,0.14705,48.16800,2.34432,22.80000,16.87200
6.08153,0.17133,48.39300,2.51082,22.20000,16.42800
6.56656,0.19725,48.61200,2.67288,21.60000,15.98400
7.05375,0.22478,48.82500,2.83050,21.00000,15.54000
7.54304,0.25385,49.03200,2.98368,20.40000,15.09600
8.03437,0.28443,49.23300,3.13242,19.80000,14.65200
8.52768,0.31648,49.42800,3.27672,19.20000,14.20800
9.02291,0.34995,49.61700,3.41658,18.60000,13.76400
9.52000,0.38480,49.80000,3.55200,18.00000,13.32000
10.01889,0.42098,49.97700,3.68298,17.40000,12.87600
10.51952,0.45844,50.14800,3.80952,16.80000,12.43200
11.02183,0.49715,50.31300,3.93162,16.20000,11.98800
11.52576,0.53706,50.47200,4.04928,15.60000,11.54400
12.03125,0.57812,50.62500,4.16250,15.00000,11.10000
12.53824,0.62030,50.77200,4.27128,14.40000,10.65600
13.04667,0.66354,50.91300,4.37562,13.80000,10.21200
13.55648,0.70780,51.04800,4.47552,13.20000,9.76800
14.06761,0.75303,51.17700,4.57098,12.60000,9.32400
14.58000,0.79920,51.30000,4.66200,12.00000,8.88000
15.09359,0.84626,51.41700,4.74858,11.40000,8.43600
15.60832,0.89416,51.52800,4.83072,10.80000,7.99200
16.12413,0.94286,51.63300,4.90842,10.20000,7.54800
16.64096,0.99231,51.73200,4.98168,9.60000,7.10400
17.15875,1.04248,51.82500,5.05050,9.00000,6.66000
17.67744,1.09331,51.91200,5.11488,8.40000,6.21600
18.19697,1.14476,51.99300,5.17482,7.80000,5.77200
18.71728,1.19679,52.06800,5.23032,7.20000,5.32800
19.23831,1.24935,52.13700,5.28138,6.60000,4.88400
19.76000,1.30240,52.20000,5.32800,6.00000,4.44000
20.28229,1.35589,52.25700,5.37018,5.40000,3.99600
20.80512,1.40979,52.30800,5.40792,4.80000,3.55200
21.32843,1.46404,52.35300,5.44122,4.20000,3.10800
21.85216,1.51860,52.39200,5.47008,3.60000,2.66400
22.37625,1.57343,52.42500,5.49450,3.00000,2.22000
22.90064,1.62847,52.45200,5.51448,2.40000,1.77600
23.42527,1.68370,52.47300,5.53002,1.80000,1.33200
23.95008,1.73906,52.48800,5.54112,1.20000,0.88800
24.47501,1.79451,52.49700,5.54778,0.60000,0.44400
25.00000,1.85000,52.50000,5.55000,-0.00000,-0.00000
25.52499,1.90549,52.49700,5.54778,-0.60000,-0.44400
26.04992,1.96094,52.48800,5.54112,-1.20000,-0.88800
26.57473,2.01630,52.47300,5.53002,-1.80000,-1.33200
27.09936,2.07153,52.45200,5.51448,-2.40000,-1.77600
27.62375,2.12658,52.42500,5.49450,-3.00000,-2.22000
28.14784,2.18140,52.39200,5.47008,-3.60000,-2.66400
28.67157,2.23596,52.35300,5.44122,-4.20000,-3.10800
29.19488,2.29021,52.30800,5.40792,-4.80000,-3.55200
29.71771,2.34411,52.25700,5.37018,-5.40000,-3.99600
30.24000,2.39760,52.20000,5.32800,-6.00000,-4.44000
30.76169,2.45065,52.13700,5.28138,-6.60000,-4.88400
31.28272,2.50321,52.06800,5.23032,-7.20000,-5.32800
31.80303,2.55524,51.99300,5.17482,-7.80000,-5.77200
32.32256,2.60669,51.91200,5.11488,-8.40000,-6.21600
32.84125,2.65753,51.82500,5.05050,-9.00000,-6.66000
33.35904,2.70769,51.73200,4.98168,-9.60000,-7.10400
33.87587,2.75714,51.63300,4.90842,-10.20000,-7.54800
34.39168,2.80584,51.52800,4.83072,-10.80000,-7.99200
34.90641,2.85374,51.41700,4.74858,-11.40000,-8.43600
35.42000,2.90080,51.30000,4.66200,-12.00000,-8.88000
35.93239,2.94697,51.17700,4.57098,-12.60000,-9.32400
36.44352,2.99220,51.04800,4.47552,-13.20000,-9.76800
36.95333,3.03646,50.91300,4.37562,-13.80000,-10.21200
37.46176,3.07970,50.77200,4.27128,-14.40000,-10.65600
37.96875,3.12188,50.62500,4.16250,-15.00000,-11.10000
38.47424,3.16294,50.47200,4.04928,-15.60000,-11.54400
38.97817,3.20285,50.31300,3.93162,-16.20000,-11.98800
39.48048,3.24156,50.14800,3.80952,-16.80000,-12.43200
39.98111,3.27902,49.97700,3.68298,-17.40000,-12.87600
40.48000,3.31520,49.80000,3.55200,-18.00000,-13.32000
40.97709,3.35005,49.61700,3.41658,-18.60000,-13.76400
41.47232,3.38352,49.42800,3.27672,-19.20000,-14.20800
41.96563,3.41557,49.23300,3.13242,-19.80000,-14.65200
42.45696,3.44615,49.03200,2.98368,-20.40000,-15.09600
42.94625,3.47523,48.82500,2.83050,-21.00000,-15.54000
43.43344,3.50275,48.61200,2.67288,-21.60000,-15.98400
43.91847,3.52867,48.39300,2.51082,-22.20000,-16.42800
44.40128,3.55295,48.16800,2.34432,-22.80000,-16.87200
44.88181,3.57554,47.93700,2.17338,-23.40000,-17.31600
45.36000,3.59640,47.70000,1.99800,-24.00000,-17.76000
45.83579,3.61548,47.45700,1.81818,-24.60000,-18.20400
46.30912,3.63275,47.20800,1.63392,-25.20000,-18.64800
46.77993,3.64815,46.95300,1.44522,-25.80000,-19.09200
47.24816,3.66164,46.69200,1.25208,-26.40000,-19.53600
47.71375,3.67318,46.42500,1.05450,-27.00000,-19.98000
48.17664,3.68271,46.15200,0.85248,-27.60000,-20.42400
48.63677,3.69021,45.87300,0.64602,-28.20000,-20.86800
49.09408,3.69562,45.58800,0.43512,-28.80000,-21.31200
49.54851,3.69890,45.29700,0.21978,-29.40000,-21.75600
50.00000,3.70000,45.00000,-0.00000,-30.00000,-22.20000
